4 2 16 3 1 12 16 4 14 11 7 7 14 4 15 12 8
7 8 11 9 12 7 5 3 15 17 6 13 17 2 4 16 14
5 10 9 8 10 16 3 8 3 15 4 5 1 17 2 14 14
14 15 14 16 15 8 5 17 5 14 13 3 10 17 11 7 4
2 16 2 17 3 10 13 14 6 8 14 4 11 10 4 7 5
2 3 9 4 3 13 17 5 4 12 9 8 4 14 16 3 9
10 11 14 9 15 4 8 9 1 13 9 17 6 11 7 2 17
12 4 16 14 16 6 14 15 3 5 11 1 8 7 3 4 5
14 12 11 13 16 5 9 14 8 4 3 17 7 3 8 3 1
9 10 13 9 14 14 7 12 17 13 8 15 17 4 6 9 16
10 14 2 15 1 7 11 17 4 6 13 2 9 4 10 5 13
17 1 4 2 4 11 11 3 8 5 16 6 14 12 14 12 7
8 13 12 15 13 4 6 5 16 1 7 6 4 3 16 17 15
16 17 6 1 4 10 14 2 17 9 13 5 16 11 13 13 6
10 7 10 9 11 14 4 9 14 12 5 12 2 11 3 15 13
3 4 10 5 8 14 1 2 11 13 2 8 16 15 17 12 10
5 5 8 9 9 14 2 7 15 14 8 10 17 2 1 16 11
