15
3 3 10 4 6 9 2 5 4 7 5 12 1 9 8
6 7 3 7 2 2 3 13 2 15 8 5 4 4 1
2 7 3 3 10 6 6 9 8 6 4 5 5 7 12
1 13 5 4 1 4 12 7 14 2 12 7 11 6 3
14 4 11 15 5 10 15 6 5 2 1 9 2 7 9
15 13 12 13 8 8 4 9 6 9 2 14 10 13 10
7 12 7 8 15 3 11 14 4 1 14 6 10 8 2
3 6 13 2 4 12 12 8 7 2 3 15 4 14 11
9 14 10 10 2 14 13 1 5 3 14 8 3 7 4
2 1 8 6 4 7 15 13 2 5 13 3 14 15 6
3 8 10 4 6 14 1 10 9 10 5 2 6 1 13
5 4 2 6 13 1 9 1 11 14 14 4 2 3 15
4 9 1 14 12 4 8 11 10 3 6 3 7 4 14
15 2 2 13 5 8 7 4 7 6 14 11 8 10 7
10 15 7 11 15 6 14 2 1 15 12 3 13 8 15